name	long	lat	water_level	elevation	depth
G2N0614	18.54654	-34.08362	14.5
EM-01	18.553392	-34.07027	14.4	20.358	63
EM-27	18.574777	-34.068709	16.196	19.966	48
G2N0610	18.59581	-34.07697	18.6
EM-04	18.587621	-34.065921	14.8	25	
EM-29	18.613985	-34.053271	18.766	25.477	39
EM-50	18.6488	-34.047169	19.1	28	42
EM-20	18.654089	-34.045177	20.102	36.502	45	
EM-23	18.643495	-34.037468	22.915	32.715	33
EM-13	18.637267	-34.029194	25.516	29.716	33
G2N0648	18.62183	-34.02434	24
EM-14	18.625365	-34.018362	31.427	33.027	27
CR18/1	18.598339	-33.99808	40.1	41	27
EM-22	18.590851	-34.015547	33.85	34.85	37
EM-34	18.570416	-33.990289	23.586	25.286	26
EM-08	18.544216	-34.011639	15.641	23.641	39
EM-26	18.554907	-34.02503	13.625	25.265	45
EM-25	18.534827	-34.009965	15.923	17.423	30
EM-31	18.536632	-33.990979	16.196	19.196	38
MON_BH1	18.474823	-33.972507	17	29
MS01	18.48111	-34.00573	27.5
S-20	18.62516197		-33.96448772	50.8
EM-40	18.60792	-33.954593	45.855	48.255	39
EM-09	18.571779	33.964072	26.864	28.364	39
EM-32	18.533084	-33.978552	15.533	18.733	33
EM-33	18.543738	-33.971887	12.81	14.21	35
MON-13	18.522976	-33.957742	6.118	7.118	14
HCHC-01	18.54919	-33.96706	17	18	23
EM-10	18.580897	-33.959791	33.143	34.143	42
EM-40	18.60792	-33.954593	46.055	48.255	39
EM-21	18.611813	-33.951655	47.373	49.873	41
MON-45	18.599912	-33.948979	48.8	48	
MON-03	18.616952	-33.938935	49.403
MON_BH11	18.621865	-33.933172	56.8	61
MON_BH10	18.56193	-33.94168	26.2	29
KB7-2	18.60739	-33.89044	105.8	130	102
BCH_BH1	18.486167	-33.900972	8.4	11	40
MMH-02	18.474124	-33.949002	10	20	60.46
MON_BH2	18.477358	-33.954971	4	14	
MON_BH3	18.475062	-33.970818	4	13.6	25
MON_BH4	18.451055	-33.97747	53.4	58	52

	


	
